--------------------- Solving exercise A1: ---------------------
Printing A
      5.08     -0.565      -4.73       2.64       1.34      -6.03      -8.37 
      2.62       3.23     -0.489       2.35       -7.7       -5.4      -5.79 
     -8.63     -0.852      -7.37      -6.47      -9.59      -8.29       4.69 
     -6.68      -4.64       5.97       6.46      -7.38      -2.87      -3.53 
      5.55       1.83      -7.68      -8.34      -5.22      -1.12      -5.48 
     -7.92       6.73      -9.63     -0.764      -4.99      -4.43       7.08 
       8.5      -6.37      -9.55       9.69       3.61    -0.0115     -0.295 
      2.69      -1.28       4.28      -3.04       8.04       -4.6       2.68 
     -4.92       6.93          8      0.831       5.01         -9       -6.3 
      7.16      -6.48       8.62      0.979      0.904       5.18      -7.41 
Q is:
     0.254     0.0914     -0.188      0.172     0.0112      -0.46     -0.456 
     0.131       0.32     0.0374      0.244     -0.679     -0.252      0.503 
    -0.431     -0.295     -0.396     -0.404    -0.0995     -0.436     0.0304 
    -0.334     -0.537      0.164      0.288     -0.367     -0.194     -0.143 
     0.277      0.289     -0.285     -0.481     -0.315    -0.0937     -0.302 
    -0.396      0.311     -0.392      0.199     0.0166      0.106      0.132 
     0.425     -0.267      -0.46      0.495      0.208      -0.17     0.0736 
     0.135     -0.028      0.192     -0.264      0.405     -0.509      0.534 
    -0.246      0.406       0.42      0.223      0.163     -0.434     -0.333 
     0.358     -0.311      0.345     -0.171     -0.247    -0.0022    -0.0934 
R is:
        20      -6.86     -0.756       3.46       8.17       7.18      -8.92 
         0       12.9      -3.83      -5.68       1.95      -5.12      -1.73 
         0          0       22.3       1.54       7.79       2.92      -6.85 
         0          0          0         15       2.24      -1.86      -2.71 
         0          0          0          0       15.1       1.16       8.34 
         0          0          0          0          0       14.2       6.66 
         0          0          0          0          0          0       8.34 
Product QR:
      5.08     -0.565      -4.73       2.64       1.34      -6.03      -8.37 
      2.62       3.23     -0.489       2.35       -7.7       -5.4      -5.79 
     -8.63     -0.852      -7.37      -6.47      -9.59      -8.29       4.69 
     -6.68      -4.64       5.97       6.46      -7.38      -2.87      -3.53 
      5.55       1.83      -7.68      -8.34      -5.22      -1.12      -5.48 
     -7.92       6.73      -9.63     -0.764      -4.99      -4.43       7.08 
       8.5      -6.37      -9.55       9.69       3.61    -0.0115     -0.295 
      2.69      -1.28       4.28      -3.04       8.04       -4.6       2.68 
     -4.92       6.93          8      0.831       5.01         -9       -6.3 
      7.16      -6.48       8.62      0.979      0.904       5.18      -7.41 
Q.T * Q is:
         1  -1.39e-17   1.39e-17  -5.55e-17   6.94e-17  -6.67e-17  -3.47e-17 
 -1.39e-17          1          0  -6.94e-17  -1.39e-17  -8.09e-17   1.32e-16 
  1.39e-17          0          1  -3.47e-17   5.55e-17  -3.51e-17  -1.25e-16 
 -5.55e-17  -6.94e-17  -3.47e-17          1  -2.08e-17   7.54e-18   2.08e-17 
  6.94e-17  -1.39e-17   5.55e-17  -2.08e-17          1  -2.55e-17   2.95e-16 
 -6.67e-17  -8.09e-17  -3.51e-17   7.54e-18  -2.55e-17          1  -3.03e-16 
 -3.47e-17   1.32e-16  -1.25e-16   2.08e-17   2.95e-16  -3.03e-16          1 
--------------------- Solving exercise A2: ---------------------
Matrix A before decomposition:
     -1.56       4.17     -0.718       8.21      -5.28       7.39       1.26      -3.26       1.36 
     0.554       6.27       6.66       4.51       9.05       -9.1       -3.7       4.27        4.5 
     -3.18       -6.3       8.48       3.12     -0.102      -1.98      -1.76       5.48      -2.31 
     -3.38      -2.12      -7.86        9.9       4.78       5.39        5.8      -3.54      -2.71 
    0.0781      -6.65      -7.68      -9.22      -1.03      -2.95      -5.45       6.79       5.03 
      9.99       -2.5       1.02       7.25       1.19       1.64       3.05       4.49      -9.35 
     -4.71      -2.82      -7.92       1.09      -2.89       9.04      -3.95       6.71       2.51 
      -9.6      -4.06       7.03      -1.15      -8.33      -2.92      -2.92      -7.54      -5.32 
      9.86      -8.74       3.95      0.795       8.51       2.36      -4.12      -3.12       6.13 
Vector b      1.81       7.17      0.117      -7.63      -3.61       1.07        3.3      -6.47       7.25 
Matrix Q after decomposition:
    -0.085      0.254    -0.0425      0.418     -0.449      0.162     -0.377     -0.237       0.57 
    0.0302      0.401       0.33       0.13      0.583     -0.268     -0.542    -0.0239     -0.078 
    -0.174     -0.421      0.473      0.243     0.0695    -0.0362     0.0386      0.609      0.363 
    -0.184     -0.157     -0.394       0.65      0.406     -0.204       0.33     -0.219     0.0418 
   0.00426     -0.421     -0.386     -0.389     0.0686     -0.492     -0.372    -0.0663      0.365 
     0.545     -0.092     0.0219      0.374     -0.413     -0.485    -0.0974      0.152     -0.339 
    -0.257      -0.21      -0.39      0.171    -0.0127      0.382     -0.523      0.328     -0.427 
    -0.524     -0.322      0.416     0.0198      -0.24     -0.199     -0.101     -0.489     -0.321 
     0.538     -0.489      0.192     0.0843      0.236      0.443      -0.15     -0.388     0.0506 
Matrix R after decomposition:
      18.3      -1.92       1.24       1.74       10.2     -0.195      0.988       3.13       1.28 
         0       15.8      0.778          4       1.03      -2.81       4.47       -1.6      0.477 
         0          0       19.1       1.68       1.01      -9.49      -2.68      -3.33      -2.75 
         0          0          0       17.7       2.95       8.38       5.56         -2      -5.78 
         0          0          0          0       13.1      -6.31      -2.34       2.49       7.66 
         0          0          0          0          0       8.35      -1.47      -3.98       6.45 
         0          0          0          0          0          0       8.08      -7.29      -6.59 
         0          0          0          0          0          0          0       12.1      -1.96 
         0          0          0          0          0          0          0          0       5.42 
Solving Ax=b for x... x is:
Solution is:      0.27       0.66       0.55     -0.242      0.482      0.857     -0.848      0.232    -0.0827 
Let's find A*x that should equal b:
A*x is:      1.81       7.17      0.117      -7.63      -3.61       1.07        3.3      -6.47       7.25 
--------------------- Solving exercise B: ---------------------
Matrix A before decomposition:
     -7.73       9.76        1.2      -2.08      -3.98       -2.9      0.483      -5.68       4.19 
      8.92       8.08      -8.03       4.85      -1.65       3.06      -4.28      -4.65       5.59 
      8.92       5.52       8.76       2.32      -5.33     -0.321      -9.69       1.82      -8.11 
     -2.16      -9.51       6.55       4.41        5.6       1.33       4.26      -8.89      -8.64 
      3.47     -0.761        8.6      -3.74      -9.92       3.23       1.94       1.68     -0.837 
      7.22       9.49      -5.34       4.41        7.4       1.68       -9.3      -1.16      -6.25 
     -1.08      -9.35       5.89      -1.19      -2.62      -7.94       4.76      -6.36        4.7 
     -8.24      0.228       2.77       -9.6       4.85      -2.53      -9.01       4.63      -1.21 
      6.64       8.86      -7.54       5.85    -0.0393       7.37       -3.1      -8.12        9.7 
Vector b      3.62        8.9      -2.16      -1.74       2.34      -4.61      0.247       5.15      -6.11 
Matrix Q after decomposition:
    -0.386      0.649      0.312      0.393     -0.293     -0.175      0.126     -0.181      -0.11 
     0.445      0.174     -0.247    -0.0901     -0.165     -0.143     -0.271     -0.307     -0.698 
     0.445     0.0518      0.698     0.0928      0.144     -0.196     -0.413      0.253     0.0933 
    -0.108     -0.403      0.136      0.651      0.329      0.324    -0.0691     -0.282     -0.294 
     0.173     -0.119      0.508     -0.358     -0.291      0.448      0.434     -0.286     -0.118 
      0.36      0.281    -0.0516      0.058      0.615     -0.205      0.588     -0.133      0.038 
    -0.054     -0.421      0.104    -0.0356     -0.139     -0.647     0.0239     -0.562      0.231 
    -0.412      0.206      0.152     -0.493      0.515      0.101      -0.36     -0.337    -0.0552 
     0.332      0.265     -0.202      0.172     -0.106      0.365     -0.266     -0.448      0.577 
Matrix R after decomposition:
        20       9.95      -5.24       10.4       -3.1       7.28      -7.46      -2.49     -0.743 
         0         21      -9.24     -0.405    -0.0522       2.96      -10.2      0.128       5.44 
         0          0       16.6      -4.51      -8.74      -2.85      -3.76       2.03      -8.67 
         0          0          0       9.21       3.41       1.16       4.95      -11.5      -3.19 
         0          0          0          0       12.8     -0.155      -10.7       2.69      -12.1 
         0          0          0          0          0       9.25       1.46       1.04      -1.45 
         0          0          0          0          0          0       4.49      0.789      -3.11 
         0          0          0          0          0          0          0       10.8       -7.6 
         0          0          0          0          0          0          0          0       4.04 
Finding the inverse of A:
   -0.0363    -0.0636    -0.0526    -0.0482     0.0966      0.142     0.0817    -0.0282     0.0222 
    0.0452     -0.148    -0.0224    -0.0589     0.0424      0.118     0.0269    -0.0489     0.0557 
  -0.00795     -0.286     0.0409    -0.0629     0.0164     0.0823     0.0683    -0.0397      0.163 
  -0.00719    -0.0752       0.13   -0.00342      -0.17     -0.131    -0.0468    -0.0566     0.0692 
   -0.0281     -0.272    -0.0447    -0.0696     0.0307      0.173     0.0838    -0.0325      0.139 
   -0.0216    -0.0014   -0.00892     0.0405     0.0358     -0.042    -0.0671     0.0264     0.0507 
    0.0156     -0.154     -0.083    -0.0522     0.0848      0.138      0.047    -0.0825     0.0294 
   -0.0361     -0.151     0.0399    -0.0778    -0.0473   -0.00571    -0.0118     -0.041     0.0594 
   -0.0272     -0.173     0.0231    -0.0729    -0.0293    0.00942     0.0572    -0.0137      0.143 
Checking AB=I
         1   6.66e-16   2.78e-16   2.22e-16  -3.47e-16  -7.15e-16  -8.33e-17   1.94e-16          0 
   8.6e-16          1   1.22e-15   2.22e-16   8.33e-17   1.14e-15  -5.55e-17   1.12e-15          0 
         0   1.33e-15          1   4.44e-16  -3.33e-16   1.94e-16  -6.66e-16    4.3e-16  -4.44e-16 
  3.33e-16  -4.44e-16      5e-16          1  -4.44e-16  -9.71e-17  -3.33e-16   4.72e-16  -2.22e-16 
 -1.84e-16   2.22e-16  -3.96e-16   6.25e-17          1   -2.1e-16   9.02e-17  -4.68e-17  -3.75e-16 
 -5.83e-16   6.66e-16  -2.22e-16  -3.33e-16   1.67e-16          1   1.67e-16  -4.72e-16          0 
 -1.94e-16  -5.55e-16  -5.55e-16  -3.89e-16   1.11e-16   9.02e-17          1   -4.3e-16   2.22e-16 
  2.22e-16   1.08e-15   1.01e-16    4.3e-16   1.11e-16  -4.67e-16  -3.61e-16          1  -6.94e-16 
 -6.11e-16   6.66e-16  -7.22e-16  -2.22e-16  -2.22e-16   6.94e-17  -1.11e-16  -7.22e-16          1 
Checking BA=I
         1   -2.8e-15  -2.55e-15   1.39e-15  -2.34e-15    8.6e-16   4.83e-15  -2.22e-16    4.3e-15 
  3.89e-15          1  -5.05e-15      3e-15  -2.05e-15   1.72e-15   5.97e-15  -1.28e-15   6.11e-15 
  5.77e-15  -4.44e-15          1   5.33e-15  -2.07e-15   3.77e-15   1.03e-14  -2.66e-15   1.02e-14 
     5e-16   1.55e-15  -3.33e-15          1   1.99e-15   1.22e-15  -3.61e-16  -1.33e-15   6.66e-16 
  6.55e-15  -5.55e-15  -9.55e-15   5.44e-15          1   2.89e-15   1.08e-14     -2e-15   1.09e-14 
 -3.33e-16   2.78e-16  -1.11e-16  -5.55e-17   4.68e-16          1     -5e-16  -5.55e-17     -5e-16 
  4.52e-15  -4.27e-15  -4.52e-15   2.61e-15  -2.87e-15   1.39e-15          1  -9.71e-16   6.49e-15 
  2.89e-15  -1.33e-15  -5.16e-15   2.89e-15  -4.25e-16   1.83e-15   4.02e-15          1   4.55e-15 
  4.22e-15  -2.44e-15  -7.33e-15   3.77e-15  -9.78e-16   2.44e-15   6.33e-15     -2e-15          1 
