--------------------- Solving exercise A1: ---------------------
Printing A
      5.72       8.69       5.61      -1.96       5.53      -9.92       1.44 
      6.52       8.46       5.25      -4.71      -9.97      -0.49       5.26 
      7.71        2.3      -1.75       2.95       2.42       6.92       8.31 
     0.571         -7      -7.09       5.59       9.59        9.1       6.36 
      -2.8      -6.54      -2.84      -1.34      -5.29        1.4      -6.85 
     -9.99     -0.278      -7.12      -3.81       3.08      -9.53        3.4 
      4.48      -2.83      -1.43      -6.22       9.08      -1.73      -4.49 
     -8.39        -10       9.22      -5.71       3.66        4.8       6.71 
      3.96       5.61       -6.7      -2.94      -5.15      -6.59       4.33 
      1.19      -8.73        7.6       1.14       1.61      -5.68       7.27 
Q is:
     0.305      0.283      0.318    -0.0343       0.53     -0.292    -0.0441 
     0.348      0.242       0.29     -0.299     -0.372      0.231      0.313 
     0.412     -0.146     -0.146     0.0977     0.0878      0.273      0.396 
    0.0305     -0.413     -0.442      0.215      0.283      0.182      0.311 
    -0.149     -0.267      -0.18     -0.223     -0.472    -0.0885     -0.292 
    -0.534       0.34     -0.289     -0.254      0.232     -0.264      0.354 
      0.24     -0.318     -0.142     -0.708      0.363     0.0275     -0.324 
    -0.449     -0.261      0.487     -0.316      0.116      0.389      0.319 
     0.211      0.173     -0.348     -0.365     -0.248     -0.249      0.372 
    0.0637     -0.532      0.322     0.0621    -0.0998      -0.68      0.301 
R is:
      18.7       11.9       1.42        1.9       -1.8      0.484       2.39 
         0       17.8      -2.78      -3.01      -8.29      -10.1      -2.61 
         0          0       18.7      -4.06      -2.85      -2.78       2.94 
         0          0          0       11.6     -0.111       6.99       1.16 
         0          0          0          0       17.6      -2.64        2.7 
         0          0          0          0          0         16      0.397 
         0          0          0          0          0          0       17.4 
Product QR:
      5.72       8.69       5.61      -1.96       5.53      -9.92       1.44 
      6.52       8.46       5.25      -4.71      -9.97      -0.49       5.26 
      7.71        2.3      -1.75       2.95       2.42       6.92       8.31 
     0.571         -7      -7.09       5.59       9.59        9.1       6.36 
      -2.8      -6.54      -2.84      -1.34      -5.29        1.4      -6.85 
     -9.99     -0.278      -7.12      -3.81       3.08      -9.53        3.4 
      4.48      -2.83      -1.43      -6.22       9.08      -1.73      -4.49 
     -8.39        -10       9.22      -5.71       3.66        4.8       6.71 
      3.96       5.61       -6.7      -2.94      -5.15      -6.59       4.33 
      1.19      -8.73        7.6       1.14       1.61      -5.68       7.27 
Q.T * Q is:
         1  -6.94e-18  -6.94e-18  -4.08e-17  -2.95e-17   1.39e-17   1.04e-17 
 -6.94e-18          1   1.11e-16   4.86e-17   4.86e-17   5.55e-17          0 
 -6.94e-18   1.11e-16          1    5.9e-17   2.08e-17   8.33e-17  -4.16e-17 
 -4.08e-17   4.86e-17    5.9e-17          1   -4.6e-17   4.86e-17   -5.9e-17 
 -2.95e-17   4.86e-17   2.08e-17   -4.6e-17          1   1.11e-16   3.82e-17 
  1.39e-17   5.55e-17   8.33e-17   4.86e-17   1.11e-16          1   5.55e-17 
  1.04e-17          0  -4.16e-17   -5.9e-17   3.82e-17   5.55e-17          1 
--------------------- Solving exercise A2: ---------------------
Matrix A before decomposition:
      2.34       9.75       -3.2      -1.86      -9.72       7.48      0.924      -1.21      -9.06 
    -0.249      0.878      0.855      -8.68      -9.33       1.16       3.57      0.613      -7.27 
      7.74       5.96       7.52       5.16      -2.69       3.24       5.52      -9.79       3.09 
      6.25      -9.45       8.77     -0.862      -5.92       9.04      -3.87      -9.36       6.43 
      -1.5     -0.259       4.23      0.668       7.76       -9.4       2.94      -6.83        4.6 
      5.59      -3.26       1.61       5.32      -8.91       2.86       6.82       4.19      -6.03 
      1.84      -1.72      -6.69       7.38      -5.82      -9.81       4.01      -1.21          4 
      3.34     -0.919       1.68       5.55      0.258       9.51      -6.29         -2      -4.17 
     -6.05      -1.75      -8.42       7.96       7.61       2.21       2.02      -1.58      -9.47 
Vector b     -1.85      -1.91       3.01        6.4       2.24       7.22       1.23      -5.14      -9.61 
Matrix Q after decomposition:
      0.17      0.635     -0.255     -0.235     -0.113       0.27      -0.23     -0.202      0.518 
   -0.0181     0.0566     0.0997     -0.553      -0.62     -0.044     -0.234    -0.0193     -0.489 
     0.563      0.396      0.203      0.438     -0.133     -0.078      0.247     -0.281      -0.36 
     0.454     -0.604      0.154     -0.172    -0.0298      0.246    -0.0887     -0.508      0.217 
    -0.109    -0.0187      0.437      0.353      -0.32     -0.439      -0.49    -0.0113      0.371 
     0.407     -0.204     -0.285     0.0721     -0.479    -0.0592      0.279      0.564      0.278 
     0.134     -0.109     -0.691     0.0416     0.0971     -0.565     -0.268     -0.267     -0.139 
     0.243    -0.0552    -0.0952      0.275      0.152      0.441     -0.654      0.359     -0.281 
     -0.44     -0.121     -0.318      0.458     -0.469      0.386     0.0814     -0.321    -0.0478 
Matrix R after decomposition:
      13.8     -0.274       11.1       3.28      -14.2       9.39       2.02      -7.48       3.99 
         0       15.4      -3.05      -2.28      -2.82      0.497       3.54      0.752      -6.74 
         0          0       12.3      -8.86        7.6      0.508      -2.83      -5.71       7.59 
         0          0          0       13.8       12.7      -2.42       1.78      -6.17       2.27 
         0          0          0          0        5.1      -1.16      -8.66       1.84       10.5 
         0          0          0          0          0       18.5      -7.25     0.0456      -10.2 
         0          0          0          0          0          0       4.33       4.57      0.922 
         0          0          0          0          0          0          0       10.3      -5.15 
         0          0          0          0          0          0          0          0      0.245 
Solving Ax=b for x... x is:
Solution is:      -147       23.7       77.5       65.3      -66.7       5.09      -13.8         10       19.8 
Let's find A*x that should equal b:
A*x is:     -1.85      -1.91       3.01        6.4       2.24       7.22       1.23      -5.14      -9.61 
