--------------------- Solving exercise B: ---------------------
Matrix A before decomposition:
     0.819       8.35       -9.4        6.1       2.21      -7.82       2.55       -2.9       1.25 
     -7.06      -5.77        2.5       4.84       4.47       -6.2      -1.54      -6.18        8.3 
        10      -0.45      -3.93     -0.245      -6.37       6.97      -1.28       -9.2      -2.08 
      1.22       -7.2      -7.64       4.53      -7.71       8.09        4.7      -5.37       -2.5 
     -2.14      -3.06       4.22      -6.57      -5.42       -3.4      -3.45      -8.01       3.69 
      1.76      -3.42       -4.7      -5.08       8.57      -8.64       8.57      -9.25      -6.03 
      7.15       2.65      -5.34      -9.19      -1.32      -1.65      -8.22       3.97       5.98 
      5.61       7.58     -0.708      -3.81      0.256       4.64      -8.96      -9.56      -7.52 
      6.85       4.88    -0.0225       2.61     -0.682       6.43      -9.23      -6.89       -4.5 
Vector b      8.77       -5.5      -2.79      -5.83       4.52      -9.45     -0.415      -9.68       4.89 
Matrix Q after decomposition:
    0.0482      0.556     -0.703     0.0984     -0.111     -0.395     0.0304     -0.123    -0.0231 
    -0.415     -0.181    -0.0503      0.195      0.296      -0.28     -0.686     -0.134      0.317 
     0.588     -0.344      0.065      0.281    -0.0398     -0.441      0.198    -0.0549      0.463 
    0.0715      -0.54     -0.513      0.223      -0.38      0.385     -0.162     -0.201     -0.175 
    -0.126     -0.146       0.25       -0.4     -0.483     -0.476    -0.0632     -0.455     -0.263 
     0.104     -0.293     -0.282     -0.398      0.688    -0.0619      0.215      -0.32     -0.198 
      0.42     -0.039     -0.152     -0.557    -0.0809     -0.039     -0.495      0.485     0.0215 
      0.33      0.353      0.129     -0.146   -0.00335      0.423      -0.24     -0.611      0.345 
     0.403      0.126      0.232      0.417      0.203     -0.105     -0.332    -0.0728     -0.653 
Matrix R after decomposition:
        17       7.63      -7.86       -5.3      -5.23       9.84      -8.46      -7.58      -7.66 
         0       14.4      0.511       1.95        5.1      -4.45       -6.4       5.05     -0.966 
         0          0       13.2      -5.56      -1.93       6.04      -9.54       1.68     -0.448 
         0          0          0       13.9      -3.25        9.5      0.639      -2.08      -2.58 
         0          0          0          0       12.7       -7.2        3.9      -3.28      -3.95 
         0          0          0          0          0       8.38      0.413       5.79      -7.19 
         0          0          0          0          0          0       11.5       4.33      -6.85 
         0          0          0          0          0          0          0       17.6       7.42 
         0          0          0          0          0          0          0          0       2.77 
Finding the inverse of A:
  -0.00192      -0.04     0.0557     -0.052     0.0138     0.0406     0.0106     -0.136      0.127 
    0.0341     0.0297      0.102    -0.0635    -0.0567    -0.0672    -0.0346      0.147     -0.196 
    -0.023    -0.0138     0.0535    -0.0776      0.025   -0.00566    -0.0508    -0.0462     0.0245 
    0.0309    -0.0222    -0.0439     0.0115     0.0285     0.0129     -0.022     -0.124      0.166 
   -0.0412     0.0926     0.0613    -0.0369     -0.125    0.00105     0.0099       0.11     -0.122 
   -0.0519      0.101      0.134    -0.0159     -0.145    -0.0753    -0.0124      0.213      -0.27 
    -0.001     0.0294      0.145    -0.0577    -0.0674    -0.0282    -0.0477     0.0863     -0.205 
  -0.00348    -0.0556    -0.0734     0.0152      0.014     0.0118     0.0242     -0.087     0.0948 
  -0.00831      0.114      0.167    -0.0631    -0.0947    -0.0712    0.00774      0.124     -0.235 
Checking AB=I
         1  -1.11e-16  -3.05e-16   4.16e-17   5.41e-16  -6.94e-17   5.38e-17     -5e-16   3.33e-16 
 -1.39e-16          1          0  -1.11e-16  -4.44e-16   3.33e-16   1.39e-17   2.22e-16   2.22e-16 
 -2.81e-16  -2.78e-16          1   -2.5e-16  -1.39e-16   1.67e-16  -1.04e-17   3.33e-16   1.17e-15 
  5.55e-17  -1.67e-16     -5e-16          1   5.27e-16  -1.39e-16   6.94e-17  -2.78e-16   7.77e-16 
  2.95e-16  -5.55e-17   1.11e-16   1.39e-16          1  -1.11e-16   3.47e-17  -2.22e-16  -6.66e-16 
 -1.67e-16          0  -2.22e-16   2.78e-16          0          1   1.94e-16  -5.55e-16  -2.22e-16 
 -3.47e-17          0   1.11e-16   1.11e-16   2.22e-16   1.11e-16          1  -1.11e-15          0 
 -9.71e-17   3.33e-16   2.22e-16  -6.11e-16  -3.33e-16  -1.11e-16  -3.47e-16          1  -4.44e-16 
   1.8e-16   1.11e-16   7.77e-16   3.33e-16  -3.33e-16  -2.78e-16   1.04e-16  -2.22e-16          1 
Checking BA=I
         1  -1.89e-15  -1.35e-15   1.11e-16  -1.46e-15  -1.11e-16      2e-15   1.44e-15   1.44e-15 
  2.44e-15          1   2.59e-15  -3.33e-16   3.16e-15   1.55e-15  -5.55e-15  -2.66e-15  -3.77e-15 
  5.27e-16   4.02e-16          1  -1.67e-16   1.04e-17   3.05e-16  -2.78e-16  -8.33e-17  -3.19e-16 
 -8.88e-16  -2.78e-15  -2.02e-15          1   -2.3e-15  -4.44e-16   3.11e-15   1.33e-15   2.22e-15 
     2e-15   3.11e-15   1.99e-15  -3.33e-16          1   1.55e-15     -4e-15  -1.78e-15  -3.33e-15 
     4e-15   6.66e-15   3.84e-15  -7.77e-16   4.75e-15          1  -7.99e-15     -4e-15     -6e-15 
  2.66e-15   4.88e-15   2.65e-15  -7.77e-16   3.19e-15   1.55e-15          1  -2.44e-15  -4.33e-15 
 -1.33e-15  -2.78e-15   -1.4e-15   3.61e-16  -1.87e-15  -8.88e-16   3.11e-15          1   2.33e-15 
  3.33e-15   5.77e-15   3.16e-15  -7.77e-16   4.19e-15   2.44e-15  -7.11e-15  -3.11e-15          1 
